旋转的矩阵
总提交数: 1878次通过数: 690次通过率: 36.74%

内存限制: 104857600(BYTE)时间限制: 1000(MS)输入限制: 1000(行)输出限制: 1000(行)

题目描述
给定一个n*m的矩阵，请以顺、逆时针交替旋转的方式打印出每个元素。

  

Input Format

第一行n m； 0<n,m<100

后n行，每行m个整数。

Output Format
n*m个矩阵元素，空格隔开。

Example
Input
4 4

1  2  3  4

12 13 16  5

11 14 15  6


10  9  8  7

Output
1 2 3 4 5 6 7 8 9 10 11 12 13 14 15 16

Input
3 4

1  2  3  4

10 11 12  5

9  8  7  6  

Output

1 2 3 4 5 6 7 8 9 10 11 12

说明


样例输入输出
样例1
输入:
1 3
3 4 1
输出:
3 4 1
样例2
输入:
4 4
1  2  3  4
12 13 16  5
11 14 15  6
10  9  8  7
输出:
1 2 3 4 5 6 7 8 9 10 11 12 13 14 15 16
样例3
输入:
3 1
6
5
7
输出:
6 5 7